     -0.76      1.49      6.21     12.43
     -0.22      2.56      8.90     17.81
      0.40      3.80     12.01     24.02
     -0.95      5.73     21.20     11.42
      0.67      0.10     20.17      9.47
      0.14      0.86     16.44     26.69
     -0.79      0.22     22.00     33.51
      1.23      1.51     13.30      6.29
      0.41      1.48      4.83     16.48
     -0.18      5.74      9.06      4.72
      0.43      2.56     10.59     31.18
     -1.02      3.99     12.65     37.57
      2.81      2.43     12.96     19.61
     -1.28      2.01      5.08     19.53
     -1.01      2.66      5.77     11.77
      0.27      3.22     11.57     13.16
      0.24      4.24      6.04     38.81
     -0.70      5.07     21.17      4.99
      0.26      2.96      5.03     31.77
      0.53      5.44     14.52     12.63
      0.34      3.06     13.44     28.02
      1.30      2.15     10.40     33.99
      1.99      3.22     12.85     28.00
     -2.20      5.56     11.30      5.10
      0.63      1.69     12.28     18.64
      0.00      2.21      5.67     20.69
      0.48      4.23      8.37     10.72
     -0.32      1.82      6.06     20.35
     -0.27      0.27      3.27     30.18
     -0.36      0.97     17.28     22.70
      0.15      3.72      9.56     29.07
      0.56      4.85      9.48     30.13
     -0.44      6.12      5.98     16.05
      0.20      1.72     23.24     25.30
      1.56      3.12     13.67     16.26
      0.91      2.42      9.12     22.20
      0.39      3.28     18.43      6.80
      2.19     -0.13      5.85     15.42
     -1.21      5.26     11.12     10.28
     -0.35      1.95      9.25     -8.38
      0.99      2.66      9.83     25.25
     -0.13      2.92     10.48      8.05
     -0.41      5.40     17.72     22.37
      0.97      5.25      5.11     28.23
     -0.65      3.76     20.65     15.49
      0.58      1.93     -2.34      7.45
     -0.28      3.63      6.76     16.33
     -0.34      3.62     12.40     19.41
      0.27      2.02      6.55     25.71
      0.05      2.02      8.46     19.92
     -0.82     -1.39      9.26     39.31
     -0.06      3.79     10.44     35.25
     -0.05      2.36     14.96      9.12
     -1.39      5.63      4.71     19.82
     -0.99      3.14      3.40     24.53
     -1.90      5.60     15.44     19.94
      0.76      4.78     14.05     28.98
     -0.11      4.26      0.70     18.13
     -0.44      0.19      5.42     22.99
     -0.34      6.72      7.51     29.49
      0.34      4.88     13.75     32.20
      0.67      5.04      8.71      8.23
      0.95      6.95      4.88      9.51
     -0.16      3.38     11.68     13.87
      0.19      3.17      8.00     20.38
      1.55      4.42      3.60     26.92
      0.99      1.91      7.32     55.03
     -0.89     -0.13     13.50     32.22
      1.18      0.77     11.41     20.05
      0.12      1.00      4.65     34.89
      1.58      1.70     11.40     25.30
     -1.42      0.88      4.22      6.30
      1.28      2.68     12.67     32.35
     -1.87      2.54      8.81     10.98
      0.46      2.10     17.07      9.58
     -0.90     -1.41      3.63     31.02
      0.36      5.16      2.43     25.02
     -1.98      0.60      3.84     27.39
     -1.74      4.36      0.65     14.35
     -1.93      2.89     11.06      3.15
      1.74      2.53     14.77     23.22
      0.14      1.56     11.91      9.05
      0.01      3.05     15.42     -3.69
      0.54      2.36      4.94     20.21
     -1.79      4.87      5.45     26.21
     -0.30      2.03     13.94     47.11
      0.27      3.56     10.62     22.91
      1.29      2.96      6.35     38.01
      1.96      3.35     14.63     36.60
     -0.63      0.03     11.30     21.46
     -1.59      1.76     15.56     36.86
     -0.37      5.11      7.76     22.85
      0.86      4.52      6.28     11.80
      0.62      5.82      8.71     31.21
     -0.97      0.70      9.66     31.88
      0.37      2.01      6.15     19.53
      0.91      8.25      9.15     11.31
      1.04      4.90     10.97     17.37
     -0.70      1.85      9.98     11.78
     -0.97      2.54      7.59     19.58
     -0.78      4.27      8.33     -1.52
     -0.04      1.48     19.73      7.55
      1.89      4.56     16.72     26.02
     -1.02      3.27     13.52     13.71
     -0.95      4.36     12.16     16.37
     -0.90      2.18      6.89     -4.07
      0.40      2.41     11.49     20.58
     -0.75     -0.51      0.80     20.22
     -0.59      3.45      0.35     -0.66
      0.13      5.38     13.55     13.58
      0.52      3.92      7.22     30.34
     -1.10      4.69      6.23     39.63
      1.10      2.32     13.68     16.21
     -0.23      1.01      4.54     -2.17
     -0.82      0.16      7.05     29.71
     -0.36      0.08     11.59      2.20
     -1.11      3.05      5.19      1.17
     -0.64      0.19     17.93     25.16
      0.97      2.94     13.81     11.99
      0.56     -3.41     12.77     11.15
      1.26      2.22     10.77     26.73
      0.91      0.14      9.78     15.50
      0.66      1.57      3.80     20.03
      1.03      3.78      2.68      6.32
     -0.67      3.24      0.84     11.96
      0.12      3.67      3.19     26.62
     -1.26      3.63      6.06     36.07
     -1.03      2.15      7.99     40.89
     -1.93      3.91     10.77     20.66
     -0.11      2.34      9.29      9.12
      1.26      4.17     -3.11     32.10
      0.91      5.52      8.95     12.41
      0.24      4.86      8.91     27.66
      0.59      3.24      8.42     22.34
     -0.49      4.02      4.83     32.71
     -0.15      3.79     14.76     25.49
     -2.50      4.02     14.04     23.59
     -0.08     -0.00      8.89     19.40
      0.66      0.36      8.59     14.33
      0.25      2.89     17.48     15.17
     -0.06      1.90      7.75     24.26
     -0.96      3.87     15.39     26.66
      0.57     -0.15     18.08     22.82
      0.93      4.15     13.99     22.78
     -1.85      3.58     15.05     30.58
      0.33      4.58     10.74     31.94
      2.39      1.69      8.92     -3.37
      0.08      3.19      8.99     21.72
     -1.07      5.83     10.71     16.94
     -0.68      2.91     17.03     16.93
      0.39      1.07      9.86      8.25
      2.07      0.17     19.51     10.34
     -0.08     -0.19      7.02      7.68
     -0.99      1.02     15.59     25.11
     -0.03      2.75     10.41     13.85
      0.39      1.88      6.07     32.50
     -0.65      4.35      9.47     29.94
     -0.57      2.35     11.27      4.29
      0.12      3.28      9.31     23.49
     -1.08      3.92     12.08     29.90
      0.04      3.89     12.55     -3.66
      0.15     -0.33     19.69     20.90
      0.61      3.87      4.98     18.38
      0.01      4.26      0.40     16.62
     -0.64     -0.16     14.21     19.16
      1.23      6.31      8.09     18.25
      0.29      1.56      2.51     24.70
      0.32      4.41     12.17     17.37
      0.48      3.74      2.37     16.58
      1.64      0.94     16.46     42.20
      0.61      4.72      9.25     29.68
     -2.18      1.74      2.13     18.20
     -1.01      2.67      7.41      4.77
     -0.95      5.37     12.29     53.44
      0.66      0.87     12.78     11.99
     -0.15      3.12     11.57     12.27
     -0.22      2.30      1.17     16.95
      0.96      0.71      9.74     18.14
      0.87     -0.90      9.78     25.78
     -1.13      1.63     18.61     16.14
      0.89      4.61      2.38     20.75
      1.13      4.70     15.39     37.01
     -0.20      2.36      9.01     39.79
     -0.28      5.25      6.03     17.94
      0.25      0.91     11.39     30.98
      2.86      4.50     13.02     17.63
      0.61      5.09      7.43     21.91
      0.05      1.68      1.81     20.98
     -0.90     -0.83     15.42     14.95
     -0.40      0.49     12.36     26.49
      0.40      4.57     10.28     15.75
      1.42      0.99     16.96     24.29
      0.52      3.01     14.00     28.42
      1.16      1.65     12.99     15.21
     -1.81      5.76      7.45     22.02
     -0.74      0.72      9.57     18.33
      1.43      1.38      1.74     21.75
      0.10      2.04      6.43     20.63
      1.31      0.90     14.02     21.91
     -1.37      3.60     14.64     20.98
     -0.19      1.00      5.64     37.70
      1.28      4.42     14.23     15.90
     -1.39      1.47      9.68     26.10
      0.57      5.42     10.59     16.44
      1.75      0.56     11.16      9.86
      1.17      2.39      0.65     22.93
      0.10      3.54     12.66     29.45
      1.12      4.13      4.70     40.17
      0.22      2.31     17.67     19.14
      0.07      2.24     21.48     -3.26
     -0.24      3.97      9.83     16.55
     -0.63      1.41      9.04     41.30
     -0.70      2.48     15.24     22.50
      1.50      7.01     15.26     31.27
      0.81      6.60     18.22      7.70
     -0.66      3.00     13.32     17.15
     -1.18      2.81      6.22     18.44
      1.20      0.71     17.27     41.33
      0.38      2.33     19.51     32.66
     -1.13      2.82     11.64     39.11
     -0.34      2.65      6.52     17.11
     -0.96      3.44     14.03     20.15
      0.11      4.90      1.35     22.22
      0.18      3.65      3.89     19.72
      0.39      3.51      4.97     19.76
     -0.97      0.11     -4.85     32.82
      1.40      4.85      8.17     32.10
     -0.88      1.66     11.08     23.75
     -1.19      5.92     12.10     17.68
      0.57      2.12      5.32     26.23
      1.39      3.36      0.48     25.39
     -2.02      1.09     13.06     27.38
     -0.68      4.20      7.50     18.19
     -2.48      3.69      9.42     30.09
     -0.00      4.21     10.19     -6.27
      0.83     -0.70      8.00     26.93
      0.69      3.58     11.37      1.54
     -1.68      3.54      6.76      7.50
     -1.25      4.29      5.96     28.82
     -0.32      1.17      5.64      6.42
     -1.04      5.39     13.90      3.97
     -0.26      3.48     15.67     24.53
      1.49      0.70     -0.67      9.49
     -0.13      3.21      7.07      8.66
      0.03      1.61      8.78     33.92
      1.21      2.19     11.22     14.47
     -1.08      3.59      4.00     15.54
     -0.66      1.63     14.79     16.68
     -1.71      3.47      2.68      6.19
      0.96      3.89      3.32     28.87
     -0.84      1.56      6.91     23.40
     -0.39      2.33     10.67     19.57
     -1.19      1.72     14.47      1.09
     -0.10     -0.62      8.55     16.75
      1.13      3.73      3.08     27.94
      1.60      0.42      2.08     13.17
     -1.59      0.73     10.07     22.33
      0.24      0.04      4.88     31.16
      1.08      1.84     22.84     26.28
      2.01      1.98     13.64     16.03
      0.52      0.18     -4.42     27.29
     -0.36     -0.88      4.80      2.94
      1.23      0.96      3.35     26.91
     -0.86      1.35      5.75     33.24
      1.02      4.49      8.77     23.70
     -1.11      3.90     13.08     25.77
     -1.53      5.26     13.60      6.44
      1.45      0.32     20.41      4.84
     -1.67      2.79      8.31     28.42
      0.93      4.46      6.26     16.18
      0.03      3.28     15.04     19.74
     -0.50      6.13      3.69     21.25
     -0.92      0.64     13.32     15.38
     -0.83      0.26      7.30     17.93
      1.13      4.56      8.19     12.72
      0.24     -0.82     20.93      8.09
     -0.14      0.12     19.74     -2.29
      1.32      1.90      8.70      9.87
      1.33      2.94     14.89     15.53
      0.10      4.60     11.04     19.95
     -0.66      2.71     11.22     30.33
      2.06      0.07      8.23     12.32
     -0.93      2.26     13.33     18.54
      0.79      1.88     20.74     10.56
      0.10     -0.10     18.21     33.30
      1.69      3.61      7.02     28.71
     -1.24      5.38     13.15     22.58
     -0.03      4.07      3.72     24.54
     -1.68      3.88      3.67     25.38
      0.14      4.57     11.41     23.16
     -0.59      2.65     11.44     15.83
     -0.04      0.97     11.62     19.35
      1.07      3.85      8.75     21.42
      0.22      3.55      6.93     27.50
      0.23      3.89     12.85     20.30
      2.59      3.54      4.74     17.69
     -0.50      2.94     -2.16     17.59
     -2.31      0.83     14.42     32.05
     -0.06      2.18      6.53     20.26
      0.21      1.60     11.96     20.60
      0.60      5.78      7.69     23.29
     -0.57      1.25      3.54     28.05
      1.21      5.03      8.47     15.03
     -1.51      4.57      4.81     28.82
      0.39      5.06      3.80     12.08
      2.82      2.04     14.69     31.52
      0.15      0.88      7.52     30.36
     -1.91     -0.69     14.25     23.49
      0.34      2.92     -0.58     17.50
      1.34      0.22     24.16     31.00
      1.49      4.69      6.81     31.00
      0.81      5.05      8.96     18.45
     -1.16      0.51     19.70     37.55
      1.01      1.67     21.19     22.25
      2.09      3.35      7.23     31.03
      1.51      3.93      9.07     13.03
     -0.06      5.81     11.99     10.19
      1.95      6.12      5.19     14.64
      0.10      4.68     14.98     41.38
     -0.38      4.90      9.33      7.54
      0.76      1.76     13.26     16.57
      1.16      1.65     12.18     18.63
      1.63      6.83      5.82     10.42
     -0.03      0.93     18.34     33.20
      0.87      1.31     17.93     19.64
     -0.86      3.24     -3.07     21.42
     -0.03      2.23     21.38     28.73
      0.23      4.54     15.40     25.82
     -1.29      3.44     13.01     10.84
     -0.16      8.20      7.30     32.78
     -0.53     -0.50      6.42     30.17
     -0.76      2.28     17.27     39.12
     -0.77      3.77     15.92     22.08
     -1.14      3.68     13.65     26.38
     -1.43      2.00      9.45      9.57
     -2.76      2.46     16.30     27.21
      0.63      3.46     12.88     10.81
     -0.11      2.65     11.43     19.14
      0.55      2.01      8.50     13.19
      0.92      1.50      1.26     26.18
      0.22      4.65      9.12     33.23
      1.18      4.46     13.44     32.63
      0.55      0.83     11.66     17.80
      0.01      2.22      8.52     27.53
      2.11      3.75      9.67     16.59
      1.00      8.21     -1.22     23.46
      0.33      3.42      3.48     14.72
      1.47      1.92      9.29     28.34
      0.36      4.63      8.18     27.60
      0.24      4.72     11.51      8.40
      0.96      4.37     17.79      9.65
     -0.42      1.84      9.41     18.76
      1.89      6.51      7.07     22.27
     -0.38      7.26      0.66     31.04
      0.78      3.30     13.33     20.04
     -2.26     -0.24     14.84     24.32
      0.61      1.99     12.02     18.18
     -0.99      0.14     16.18     10.06
     -0.31     -2.25     12.35     33.98
      1.01      1.14     11.57     14.94
     -0.10      2.96     10.72     40.22
      2.38      2.04     18.31     10.94
     -0.73      4.28      1.80     22.16
      1.24      2.92     13.09     18.28
     -1.33      2.70      9.55     26.08
      0.58     -1.89     18.16     16.71
     -0.46      1.60      7.80     13.87
     -0.43      3.38     12.49     31.23
     -0.57      2.59     11.91     35.54
     -0.26     -0.24      6.75     19.04
     -0.11      1.18      8.17     10.31
     -0.58      6.27     11.31      6.24
     -0.41      2.93      9.36     12.85
     -1.21      2.82     17.89      7.73
      1.38      3.74      1.87     14.35
      1.43      3.75      9.46     32.73
     -0.54      2.50      4.20      6.47
     -0.17      4.98     12.01     32.67
     -1.74      3.88      6.33     15.31
      0.14      5.85     14.54     30.36
     -0.25      4.68     15.72     22.78
      0.29      3.61     12.87     18.76
      1.01      3.84      3.00      6.10
      0.48      0.95     12.62     30.43
      0.06      0.91     10.47      8.00
      1.30      1.80     21.38     11.58
     -0.52     -0.50      9.35      1.30
      0.05      1.87     10.46     35.85
     -0.48      3.66      8.29      4.82
      1.38      3.30      7.78     24.13
      1.61      3.76      8.93      6.89
      1.88      4.71     13.32     22.68
     -0.23      1.47     11.07     30.20
      0.84      4.38      8.95     29.17
     -0.05      0.86      6.90     32.40
     -0.98      3.23     12.30    -16.91
      0.75      2.02     14.26     39.90
     -0.54      1.80     13.55     14.70
     -0.83      6.15      7.21     21.46
      0.51      5.50     12.14     13.18
     -0.56      2.56     14.37     19.71
     -0.41      2.13      6.82     18.15
     -1.44      4.06     10.80     17.72
      0.41      5.29     12.43     25.05
      0.78      2.47      7.89     33.31
      0.38      0.92      4.87     10.87
      0.05      3.36      9.90     23.15
     -1.21      0.60      5.73     20.35
      2.87     -1.16      3.36     30.22
      0.28      0.87      5.46     11.59
      1.73      4.40     10.76      1.48
      1.73      1.37     14.08     14.51
      0.92      2.27      4.56     20.33
     -0.22      1.21      5.52     20.01
     -1.33      2.22     15.29     23.87
     -0.05      3.81     11.05     15.94
      0.99      5.48      0.31     33.99
      1.49      4.44      0.91     32.18
      1.07      3.05     10.54     16.45
      0.07      2.62      7.24     31.87
     -1.22      2.97      7.87     26.64
     -1.02      3.05     -0.28     -5.46
      1.05      1.33     15.41     18.64
     -0.84      3.98      5.02      1.83
     -0.89      1.61     16.90     32.97
     -0.51      2.31      9.74     35.47
      0.15      5.02     15.28     21.73
     -0.29      2.32      7.83      9.15
      0.49      5.17     17.64      5.72
     -0.27     -0.40      6.34     16.06
      1.90     -0.20      9.92      5.44
      1.47      4.43     10.65     10.50
     -0.23     -0.45     -0.97     28.06
     -0.37      5.02      3.88      5.78
      1.48      3.32     16.20     18.50
     -0.92      4.14      4.60     14.05
     -1.09      3.31      1.73     45.03
     -0.23      4.19      8.46     30.28
     -0.33      0.62      5.83     -2.69
      1.30      3.90     10.51     13.15
      2.28     -0.16     13.30     41.53
      1.53      4.92      8.20     14.01
      0.94      2.60     16.95     28.01
     -0.91      2.11     11.23      5.98
      0.94      3.44     14.58     11.48
      1.87      3.15      4.61     16.94
     -0.13      3.41      9.68     25.95
     -0.18      3.57      8.09     28.91
      1.89      3.03     14.06     15.74
      1.77      4.03      4.95     28.42
     -2.48      1.60      9.00     11.35
     -2.00      1.70      5.19      9.99
      1.34      4.32     18.92     16.72
      2.02      2.10      9.38     25.01
      0.91     -2.39     15.22     11.12
     -1.96      2.58      5.20      9.15
      1.40      3.82     15.51     19.98
     -0.74      4.99     13.92     37.55
      0.71      3.11      7.88     21.48
      1.66      5.73      8.74     20.13
     -0.21      7.49     10.63      0.66
     -0.13      1.67     19.91     11.02
     -0.35      1.22      6.66     37.53
     -0.85      0.94      1.26     12.84
     -1.35      4.15      2.08     32.21
     -0.87      3.34      9.68     13.30
      0.07      4.74     10.68     23.54
      1.36     -0.21      7.44     23.28
     -0.33      4.71      0.85     -1.33
     -0.52      3.18      3.11      4.91
     -2.27      1.56     16.88     19.59
     -0.28      2.06      3.01     34.82
      0.33      2.13     10.26     14.62
     -1.18      0.30      6.68      4.64
      0.02      3.27      2.24     17.38
     -3.41      2.80      6.56     32.38
      0.96      3.61      3.72     12.28
     -0.24      1.75      8.28     23.01
      0.55      1.34     12.81     15.89
     -0.30      4.44      7.06     28.91
     -1.51     -0.64      2.68     23.55
     -1.76      5.62      5.91      4.16
      1.26      3.94     16.88     16.94
     -0.65      2.15      9.20     41.63
     -0.91      3.72     12.38     14.85
      0.44      4.56     -1.75     37.41
      1.21      5.21     -0.46     37.87
      0.89      6.57      6.07     45.62
      0.60      7.19      6.02     24.92
      1.45      2.37      4.23     11.61
      0.58      3.16      8.08     20.11
      0.02      2.20      4.75      3.50
      0.69      5.99      9.40     15.96
     -0.18      1.96     13.95     35.27
     -0.42      7.46      6.56     39.67
     -0.15     -2.32     19.71     22.85
      0.06      2.53     12.34     23.73
     -0.19      4.85      8.73     28.85
      0.58      1.36     13.64     20.29
     -0.29      1.34      9.09     11.35
