     -0.85      1.29      5.74     11.47
     -0.06      2.88      9.71     19.41
     -0.91      1.19      5.47     10.94
     -1.45      3.90      1.66     31.55
     -0.88      2.83     10.65     36.87
     -0.97      3.14     -0.95     15.27
     -0.65      2.82      1.59     33.34
      0.15      2.87      7.18      3.65
     -0.69      4.38     10.46     35.54
      0.36      1.47      7.16     21.07
     -1.01      5.43     11.81     17.82
     -0.39      2.27      5.20     37.84
      0.92      7.28      8.65     33.19
     -1.24      0.75      5.70     10.06
      1.16      0.08      8.75     37.10
      0.27      4.61     10.01     22.08
     -0.92      0.91      6.03     21.66
      0.27      5.70     15.98     12.09
      1.54      2.64      6.81     19.41
     -0.12      4.70      4.83     10.37
     -0.58      4.58     13.88     23.69
     -2.55      4.50      6.06     31.86
      1.69      2.39      9.10     10.57
     -0.03      4.02      2.96     33.79
      0.62      2.53      9.80    -10.56
